0.0 1.0 0.0
1.0 0.0 0.0
0.0 -1.0 0.0
-1.0 0.0 0.0
0.0 0.0 1.0
0.0 0.9877 0.1564
0.0 0.9511 0.309
0.0 0.891 0.454
0.0 0.809 0.5878
0.0 0.7071 0.7071
0.0 0.5878 0.809
0.0 0.454 0.891
0.0 0.309 0.9511
0.0 0.1564 0.9877
0.0 -0.1564 0.9877
0.0 -0.309 0.9511
0.0 -0.454 0.891
0.0 -0.5878 0.809
0.0 -0.7071 0.7071
0.0 -0.809 0.5878
0.0 -0.891 0.454
0.0 -0.9511 0.309
0.0 -0.9877 0.1564
0.1564 0.9877 0.0
0.309 0.9511 0.0
0.454 0.891 0.0
0.5878 0.809 0.0
0.7071 0.7071 0.0
0.809 0.5878 0.0
0.891 0.454 0.0
0.9511 0.309 0.0
0.9877 0.1564 0.0
0.9877 -0.1564 0.0
0.9511 -0.309 0.0
0.891 -0.454 0.0
0.809 -0.5878 0.0
0.7071 -0.7071 0.0
0.5878 -0.809 0.0
0.454 -0.891 0.0
0.309 -0.9511 0.0
0.1564 -0.9877 0.0
-0.1564 0.9877 0.0
-0.309 0.9511 0.0
-0.454 0.891 0.0
-0.5878 0.809 0.0
-0.7071 0.7071 0.0
-0.809 0.5878 0.0
-0.891 0.454 0.0
-0.9511 0.309 0.0
-0.9877 0.1564 0.0
-0.9877 -0.1564 0.0
-0.9511 -0.309 0.0
-0.891 -0.454 0.0
-0.809 -0.5878 0.0
-0.7071 -0.7071 0.0
-0.5878 -0.809 0.0
-0.454 -0.891 0.0
-0.309 -0.9511 0.0
-0.1564 -0.9877 0.0
-0.9877 0.0 0.1564
-0.9511 0.0 0.309
-0.891 0.0 0.454
-0.809 0.0 0.5878
-0.7071 0.0 0.7071
-0.5878 0.0 0.809
-0.454 0.0 0.891
-0.309 0.0 0.9511
-0.1564 0.0 0.9877
0.1564 0.0 0.9877
0.309 0.0 0.9511
0.454 0.0 0.891
0.5878 0.0 0.809
0.7071 0.0 0.7071
0.809 0.0 0.5878
0.891 0.0 0.454
0.9511 0.0 0.309
0.9877 0.0 0.1564
0.1545 0.9755 0.1564
0.3052 0.9394 0.1564
0.4484 0.88 0.1564
0.5806 0.7991 0.1564
0.6984 0.6984 0.1564
0.7991 0.5806 0.1564
0.88 0.4484 0.1564
0.9394 0.3052 0.1564
0.9755 0.1545 0.1564
0.9755 -0.1545 0.1564
0.9394 -0.3052 0.1564
0.88 -0.4484 0.1564
0.7991 -0.5806 0.1564
0.6984 -0.6984 0.1564
0.5806 -0.7991 0.1564
0.4484 -0.88 0.1564
0.3052 -0.9394 0.1564
0.1545 -0.9755 0.1564
-0.1545 0.9755 0.1564
-0.3052 0.9394 0.1564
-0.4484 0.88 0.1564
-0.5806 0.7991 0.1564
-0.6984 0.6984 0.1564
-0.7991 0.5806 0.1564
-0.88 0.4484 0.1564
-0.9394 0.3052 0.1564
-0.9755 0.1545 0.1564
-0.9755 -0.1545 0.1564
-0.9394 -0.3052 0.1564
-0.88 -0.4484 0.1564
-0.7991 -0.5806 0.1564
-0.6984 -0.6984 0.1564
-0.5806 -0.7991 0.1564
-0.4484 -0.88 0.1564
-0.3052 -0.9394 0.1564
-0.1545 -0.9755 0.1564
0.1488 0.9394 0.309
0.2939 0.9045 0.309
0.4318 0.8474 0.309
0.559 0.7695 0.309
0.6725 0.6725 0.309
0.7695 0.559 0.309
0.8474 0.4318 0.309
0.9045 0.2939 0.309
0.9394 0.1488 0.309
0.9394 -0.1488 0.309
0.9045 -0.2939 0.309
0.8474 -0.4318 0.309
0.7695 -0.559 0.309
0.6725 -0.6725 0.309
0.559 -0.7695 0.309
0.4318 -0.8474 0.309
0.2939 -0.9045 0.309
0.1488 -0.9394 0.309
-0.1488 0.9394 0.309
-0.2939 0.9045 0.309
-0.4318 0.8474 0.309
-0.559 0.7695 0.309
-0.6725 0.6725 0.309
-0.7695 0.559 0.309
-0.8474 0.4318 0.309
-0.9045 0.2939 0.309
-0.9394 0.1488 0.309
-0.9394 -0.1488 0.309
-0.9045 -0.2939 0.309
-0.8474 -0.4318 0.309
-0.7695 -0.559 0.309
-0.6725 -0.6725 0.309
-0.559 -0.7695 0.309
-0.4318 -0.8474 0.309
-0.2939 -0.9045 0.309
-0.1488 -0.9394 0.309
-0.3848 0.8573 0.342
-0.335 0.8661 0.3711
-0.2829 0.8736 0.396
-0.2288 0.8798 0.4167
-0.173 0.8847 0.4329
-0.116 0.8882 0.4446
-0.0582 0.8903 0.4517
0.0582 0.8903 0.4517
0.116 0.8882 0.4446
0.173 0.8847 0.4329
0.2288 0.8798 0.4167
0.2829 0.8736 0.396
0.335 0.8661 0.3711
0.3848 0.8573 0.342
-0.507 0.7782 0.3706
-0.4481 0.7861 0.4259
-0.3832 0.7929 0.474
-0.313 0.7986 0.5142
-0.2385 0.8031 0.5461
-0.1608 0.8064 0.5692
-0.081 0.8083 0.5832
0.081 0.8083 0.5832
0.1608 0.8064 0.5692
0.2385 0.8031 0.5461
0.313 0.7986 0.5142
0.3832 0.7929 0.474
0.4481 0.7861 0.4259
0.507 0.7782 0.3706
-0.6175 0.68 0.3953
-0.5515 0.6868 0.4734
-0.4756 0.6928 0.5421
-0.3911 0.6978 0.6001
-0.2997 0.7018 0.6463
-0.2028 0.7047 0.6799
-0.1023 0.7065 0.7003
0.1023 0.7065 0.7003
0.2028 0.7047 0.6799
0.2997 0.7018 0.6463
0.3911 0.6978 0.6001
0.4756 0.6928 0.5421
0.5515 0.6868 0.4734
0.6175 0.68 0.3953
-0.7125 0.5652 0.4159
-0.6408 0.5708 0.5135
-0.5557 0.5758 0.5998
-0.4591 0.58 0.673
-0.3529 0.5833 0.7316
-0.2394 0.5858 0.7743
-0.121 0.5873 0.8003
0.121 0.5873 0.8003
0.2394 0.5858 0.7743
0.3529 0.5833 0.7316
0.4591 0.58 0.673
0.5557 0.5758 0.5998
0.6408 0.5708 0.5135
0.7125 0.5652 0.4159
-0.789 0.4365 0.4323
-0.7128 0.4408 0.5455
-0.6205 0.4447 0.646
-0.5141 0.4479 0.7315
-0.3961 0.4505 0.8001
-0.2692 0.4524 0.8502
-0.1361 0.4536 0.8808
0.1361 0.4536 0.8808
0.2692 0.4524 0.8502
0.3961 0.4505 0.8001
0.5141 0.4479 0.7315
0.6205 0.4447 0.646
0.7128 0.4408 0.5455
0.789 0.4365 0.4323
-0.8452 0.2971 0.4443
-0.7658 0.3 0.5688
-0.6682 0.3026 0.6797
-0.5547 0.3048 0.7742
-0.428 0.3066 0.8502
-0.2911 0.3079 0.9058
-0.1473 0.3087 0.9397
0.1473 0.3087 0.9397
0.2911 0.3079 0.9058
0.428 0.3066 0.8502
0.5547 0.3048 0.7742
0.6682 0.3026 0.6797
0.7658 0.3 0.5688
0.8452 0.2971 0.4443
-0.8795 0.1504 0.4515
-0.7982 0.1519 0.583
-0.6974 0.1532 0.7002
-0.5795 0.1543 0.8003
-0.4475 0.1552 0.8808
-0.3045 0.1559 0.9397
-0.1541 0.1563 0.9757
0.1541 0.1563 0.9757
0.3045 0.1559 0.9397
0.4475 0.1552 0.8808
0.5795 0.1543 0.8003
0.6974 0.1532 0.7002
0.7982 0.1519 0.583
0.8795 0.1504 0.4515
-0.8795 -0.1504 0.4515
-0.7982 -0.1519 0.583
-0.6974 -0.1532 0.7002
-0.5795 -0.1543 0.8003
-0.4475 -0.1552 0.8808
-0.3045 -0.1559 0.9397
-0.1541 -0.1563 0.9757
0.1541 -0.1563 0.9757
0.3045 -0.1559 0.9397
0.4475 -0.1552 0.8808
0.5795 -0.1543 0.8003
0.6974 -0.1532 0.7002
0.7982 -0.1519 0.583
0.8795 -0.1504 0.4515
-0.8452 -0.2971 0.4443
-0.7658 -0.3 0.5688
-0.6682 -0.3026 0.6797
-0.5547 -0.3048 0.7742
-0.428 -0.3066 0.8502
-0.2911 -0.3079 0.9058
-0.1473 -0.3087 0.9397
0.1473 -0.3087 0.9397
0.2911 -0.3079 0.9058
0.428 -0.3066 0.8502
0.5547 -0.3048 0.7742
0.6682 -0.3026 0.6797
0.7658 -0.3 0.5688
0.8452 -0.2971 0.4443
-0.789 -0.4365 0.4323
-0.7128 -0.4408 0.5455
-0.6205 -0.4447 0.646
-0.5141 -0.4479 0.7315
-0.3961 -0.4505 0.8001
-0.2692 -0.4524 0.8502
-0.1361 -0.4536 0.8808
0.1361 -0.4536 0.8808
0.2692 -0.4524 0.8502
0.3961 -0.4505 0.8001
0.5141 -0.4479 0.7315
0.6205 -0.4447 0.646
0.7128 -0.4408 0.5455
0.789 -0.4365 0.4323
-0.7125 -0.5652 0.4159
-0.6408 -0.5708 0.5135
-0.5557 -0.5758 0.5998
-0.4591 -0.58 0.673
-0.3529 -0.5833 0.7316
-0.2394 -0.5858 0.7743
-0.121 -0.5873 0.8003
0.121 -0.5873 0.8003
0.2394 -0.5858 0.7743
0.3529 -0.5833 0.7316
0.4591 -0.58 0.673
0.5557 -0.5758 0.5998
0.6408 -0.5708 0.5135
0.7125 -0.5652 0.4159
-0.6175 -0.68 0.3953
-0.5515 -0.6868 0.4734
-0.4756 -0.6928 0.5421
-0.3911 -0.6978 0.6001
-0.2997 -0.7018 0.6463
-0.2028 -0.7047 0.6799
-0.1023 -0.7065 0.7003
0.1023 -0.7065 0.7003
0.2028 -0.7047 0.6799
0.2997 -0.7018 0.6463
0.3911 -0.6978 0.6001
0.4756 -0.6928 0.5421
0.5515 -0.6868 0.4734
0.6175 -0.68 0.3953
-0.507 -0.7782 0.3706
-0.4481 -0.7861 0.4259
-0.3832 -0.7929 0.474
-0.313 -0.7986 0.5142
-0.2385 -0.8031 0.5461
-0.1608 -0.8064 0.5692
-0.081 -0.8083 0.5832
0.081 -0.8083 0.5832
0.1608 -0.8064 0.5692
0.2385 -0.8031 0.5461
0.313 -0.7986 0.5142
0.3832 -0.7929 0.474
0.4481 -0.7861 0.4259
0.507 -0.7782 0.3706
-0.3848 -0.8573 0.342
-0.335 -0.8661 0.3711
-0.2829 -0.8736 0.396
-0.2288 -0.8798 0.4167
-0.173 -0.8847 0.4329
-0.116 -0.8882 0.4446
-0.0582 -0.8903 0.4517
0.0582 -0.8903 0.4517
0.116 -0.8882 0.4446
0.173 -0.8847 0.4329
0.2288 -0.8798 0.4167
0.2829 -0.8736 0.396
0.335 -0.8661 0.3711
0.3848 -0.8573 0.342
0.0 1.0 0.0
1.0 0.0 0.0
-1.0 0.0 0.0
