0.0 1.0 0.0
1.0 0.0 0.0
0.0 -1.0 0.0
-1.0 0.0 0.0
0.0 0.0 1.0
0.0 0.9511 0.309
0.0 0.809 0.5878
0.0 0.5878 0.809
0.0 0.309 0.9511
0.0 -0.309 0.9511
0.0 -0.5878 0.809
0.0 -0.809 0.5878
0.0 -0.9511 0.309
0.809 0.5878 0.0
0.9511 0.309 0.0
0.809 -0.5878 0.0
0.5878 -0.809 0.0
0.309 -0.9511 0.0
-0.809 0.5878 0.0
-0.9511 0.309 0.0
-0.809 -0.5878 0.0
-0.5878 -0.809 0.0
-0.309 -0.9511 0.0
-0.9511 0.0 0.309
-0.809 0.0 0.5878
-0.5878 0.0 0.809
-0.309 0.0 0.9511
0.309 0.0 0.9511
0.5878 0.0 0.809
0.809 0.0 0.5878
0.9511 0.0 0.309
0.2939 0.9045 0.309
0.559 0.7695 0.309
0.7695 0.559 0.309
0.9045 0.2939 0.309
0.9045 -0.2939 0.309
0.7695 -0.559 0.309
0.559 -0.7695 0.309
0.2939 -0.9045 0.309
-0.2939 0.9045 0.309
-0.559 0.7695 0.309
-0.7695 0.559 0.309
-0.9045 0.2939 0.309
-0.9045 -0.2939 0.309
-0.7695 -0.559 0.309
-0.559 -0.7695 0.309
-0.2939 -0.9045 0.309
-0.6408 0.5708 0.5135
-0.4591 0.58 0.673
-0.2394 0.5858 0.7743
0.2394 0.5858 0.7743
0.4591 0.58 0.673
0.6408 0.5708 0.5135
-0.7658 0.3 0.5688
-0.5547 0.3048 0.7742
-0.2911 0.3079 0.9058
0.2911 0.3079 0.9058
0.5547 0.3048 0.7742
0.7658 0.3 0.5688
-0.7658 -0.3 0.5688
-0.5547 -0.3048 0.7742
-0.2911 -0.3079 0.9058
0.2911 -0.3079 0.9058
0.5547 -0.3048 0.7742
0.7658 -0.3 0.5688
-0.6408 -0.5708 0.5135
-0.4591 -0.58 0.673
-0.2394 -0.5858 0.7743
0.2394 -0.5858 0.7743
0.4591 -0.58 0.673
0.6408 -0.5708 0.5135
0.0 1.0 0.0
1.0 0.0 0.0
-1.0 0.0 0.0
